other
239
414
48.0
23.0
98
0.0
other
156
393
34.0
34.0
100
0
main
217
379
37.0
32.89376840679705
127
-19.536654938128354
other
396
240
34.058772731852805
25.019992006393608
103
2.202598161765965
other
158
235
24.351591323771842
24.351591323771842
97
70.82099197418925
other
161
195
8.602325267042627
8.602325267042627
93
54.46232220802562
main
239
139
21.095023109728988
5.830951894845301
124
36.86989764584401
main
329
141
11.0
11.0
124
0
other
225
127
12.0
12.0
94
0
main
271
121
79.0
64.0
124
0.0
