other
355
398
31.064449134018133
20.024984394500787
104
-5.710593137499646
main
275
412
76.02631123499285
45.044422518220834
125
-2.5448043798130704
other
348
357
26.30589287593181
17.26267650163207
99
10.007979801441303
other
309
289
12.041594578792296
12.041594578792296
93
48.3664606634298
other
299
269
22.825424421026653
12.529964086141668
101
28.61045966596521
landscape
259
235
14.142135623730951
11.313708498984761
104
-44.99999999999999
other
167
233
24.041630560342615
15.524174696260024
98
-18.434948822922017
other
291
93
19.0
19.0
101
0
