other
211
421
40.26164427839479
23.769728648009426
99
-14.620873988631676
main
187
349
69.58448102845921
29.154759474226502
125
-7.8533133019781936
landscape
309
294
16.0
16.0
89
0
other
133
237
29.732137494637012
19.924858845171276
97
-17.525568373722873
other
381
217
24.041630560342615
12.727922061357855
101
-45.00000000000001
other
367
185
29.427877939124322
29.427877939124322
99
80.21759296819276
other
185
124
21.0
10.0
106
0.0
landscape
304
113
16.0
16.0
90
0
other
216
115
31.04834939252005
23.769728648009426
97
-14.620873988631676
