other
216
415
17.46424919657298
17.46424919657298
111
76.75948008481281
landscape
309
370
20.808652046684813
7.211102550927978
51
33.69006752597978
other
167
365
13.0
13.0
104
0
main
174
341
13.0
12.0
121
0.0
other
208
345
40.311288741492746
31.25699921617557
107
-7.3523793598923195
landscape
154
275
15.556349186104045
14.142135623730951
99
-45.00000000000001
other
314
267
19.0
19.0
98
0
other
398
216
23.08679276123039
13.038404810405298
100
-4.398705354995607
other
140
227
23.08679276123039
23.08679276123039
98
85.03025927188972
other
369
186
32.0624390837628
32.0624390837628
99
86.42366562500253
other
308
121
37.05401462729781
27.073972741361768
97
4.236394799058854
